These are values of N such that 38^N+31 is not divisible by a prime <= 224737 (the 20000th prime).
It is (sadly) a very long list.
I tested values of N up to 10000, with the 481 values below being the ones without small prime factors.
So, about 5% of all numbers tested.


12
32
68
84
92
168
192
216
240
288
308
320
336
372
384
396
420
428
444
456
468
492
504
516
528
564
572
596
612
624
644
672
680
696
708
716
720
732
740
744
768
780
812
824
828
840
852
876
888
932
968
972
1020
1040
1064
1080
1116
1152
1176
1188
1200
1212
1224
1244
1248
1272
1280
1284
1308
1316
1380
1388
1392
1400
1404
1436
1464
1472
1496
1500
1544
1548
1580
1584
1604
1608
1616
1620
1652
1668
1688
1704
1724
1764
1788
1820
1824
1848
1860
1872
1896
1940
1956
1964
1976
2040
2088
2112
2120
2124
2156
2228
2232
2244
2256
2268
2292
2300
2304
2336
2412
2460
2504
2508
2520
2556
2568
2604
2616
2624
2652
2660
2700
2784
2820
2828
2832
2864
2892
2904
2916
2928
2948
2964
2972
2976
3012
3048
3060
3072
3092
3096
3108
3120
3128
3152
3216
3260
3276
3288
3324
3332
3396
3416
3468
3504
3560
3584
3596
3620
3624
3636
3660
3672
3684
3764
3780
3812
3828
3840
3864
3872
3884
3912
3936
3956
3984
3992
4016
4044
4052
4068
4092
4116
4140
4152
4160
4164
4188
4200
4212
4268
4272
4304
4308
4316
4332
4412
4424
4460
4488
4512
4520
4524
4536
4548
4556
4592
4596
4608
4620
4664
4692
4704
4712
4728
4736
4748
4764
4788
4844
4856
4860
4872
4920
4964
4968
4980
5016
5028
5064
5088
5096
5100
5108
5124
5132
5144
5148
5160
5168
5184
5196
5220
5252
5256
5276
5304
5312
5316
5328
5400
5420
5424
5432
5472
5484
5496
5532
5568
5580
5612
5616
5640
5672
5676
5700
5724
5736
5760
5772
5780
5796
5844
5864
5892
5916
5928
6000
6024
6032
6036
6068
6080
6084
6104
6120
6132
6144
6176
6180
6192
6240
6252
6260
6288
6300
6348
6360
6372
6404
6444
6480
6492
6500
6536
6540
6552
6572
6576
6588
6608
6620
6644
6648
6680
6684
6692
6696
6708
6728
6744
6764
6780
6792
6804
6864
6872
6908
6912
6932
6984
7004
7032
7040
7044
7068
7116
7124
7128
7140
7176
7196
7200
7224
7232
7248
7268
7296
7308
7320
7376
7380
7400
7428
7500
7512
7524
7544
7548
7584
7592
7596
7608
7668
7688
7704
7736
7740
7760
7772
7776
7800
7824
7860
7868
7916
7956
7968
7988
8004
8048
8052
8076
8096
8112
8132
8148
8156
8172
8204
8232
8292
8316
8336
8444
8472
8484
8492
8496
8516
8568
8580
8588
8592
8624
8640
8652
8664
8672
8700
8724
8736
8748
8772
8808
8832
8840
8852
8868
8888
8952
8960
8964
8988
8996
9024
9036
9072
9084
9092
9104
9140
9180
9200
9204
9216
9252
9264
9288
9300
9336
9344
9360
9428
9432
9444
9492
9500
9524
9552
9560
9624
9632
9636
9660
9680
9704
9708
9716
9744
9768
9780
9788
9792
9816
9828
9860
9896
9912
9948
